1 0
2 0
5 0
6 0
9 0
10 0
14 0
16 0
18 0
19 0
21 0
22 0
23 0
27 0
30 0
34 0
36 0
38 0
41 0
43 0
46 0
48 0
52 0
54 1
55 0
57 0
59 0
60 0
62 0
63 0
64 0
68 1
70 0
71 0
72 1
73 0
75 0
78 0
80 0
83 0
84 0
85 0
88 0
91 0
94 0
95 0
96 0
97 0
101 0
102 0
105 0
106 0
107 0
108 0
109 0
110 0
112 0
113 0
114 0
119 0
120 0
121 0
122 0
123 0
126 0
129 0
131 0
132 0
133 0
134 0
137 0
139 0
140 0
142 0
143 0
145 0
146 0
147 0
148 0
150 0
152 0
154 1
155 0
156 0
158 0
159 0
160 0
162 0
164 0
165 0
166 0
167 0
169 0
170 0
171 0
173 0
175 0
178 0
181 0
182 0
184 0
185 0
186 0
188 0
191 0
192 0
193 0
195 0
197 0
198 0
200 1
201 0
202 0
203 0
206 0
207 0
212 0
213 1
216 0
219 0
222 0
223 0
224 0
227 0
228 1
229 0
230 0
232 0
234 0
235 0
236 0
241 0
245 0
246 0
248 0
249 0
254 0
255 0
256 0
257 0
261 0
262 0
265 0
266 0
267 0
268 0
271 0
272 0
273 0
274 0
277 0
279 0
280 0
284 0
288 0
290 0
291 0
292 0
296 0
299 0
300 0
301 0
303 0
305 0
307 0
308 0
309 1
311 0
312 0
313 0
315 0
316 0
317 0
319 0
320 0
322 0
323 0
325 0
326 0
328 0
329 0
333 0
334 0
335 0
338 0
339 0
341 0
342 0
346 0
347 0
348 0
349 0
352 0
353 0
354 0
355 0
356 0
358 0
363 0
369 0
370 0
372 0
373 0
375 0
376 0
377 0
380 0
381 0
383 0
386 0
388 0
390 0
391 0
392 0
397 0
400 0
404 0
405 0
407 0
411 0
415 0
416 0
418 0
419 0
422 1
423 0
424 0
425 0
426 0
427 0
429 0
432 1
433 0
435 0
438 0
439 0
442 0
443 0
444 0
446 0
449 0
453 0
454 0
456 0
459 0
460 0
462 0
463 0
464 0
467 0
468 0
472 0
474 0
475 0
477 0
481 0
482 0
483 0
485 0
486 0
488 0
490 0
491 0
492 0
493 0
494 0
496 0
497 0
499 0
500 0
501 0
502 0
504 0
507 0
508 0
511 0
517 0
519 0
521 0
523 0
524 0
525 0
526 0
528 0
530 0
534 0
538 0
539 0
543 0
545 0
547 0
548 0
550 0
551 0
554 0
555 0
558 0
559 0
561 0
563 0
566 0
569 0
570 0
572 0
573 0
574 0
575 0
576 0
577 0
579 0
584 0
586 0
588 0
590 0
591 0
592 0
594 0
595 0
600 0
601 0
602 0
607 0
609 0
610 0
613 0
614 0
615 0
616 0
618 0
621 0
622 0
623 0
624 0
625 0
626 0
628 0
629 0
630 0
632 0
633 0
634 0
635 0
637 0
638 0
642 0
644 0
647 0
648 0
650 0
654 1
655 0
656 0
657 0
664 0
666 0
667 0
669 0
672 0
674 0
675 0
676 0
677 0
680 1
681 0
684 0
686 0
687 0
688 0
689 0
690 0
692 0
693 0
695 0
696 0
697 0
700 0
703 0
705 0
707 0
712 0
715 0
717 0
718 0
720 0
724 0
725 0
726 0
728 0
729 0
732 0
735 0
736 0
737 0
738 0
743 0
744 0
746 0
747 0
748 0
754 0
755 0
756 0
757 0
760 0
762 1
763 0
765 0
766 0
767 0
770 0
771 0
772 0
774 0
775 0
776 0
780 0
781 1
782 0
787 0
788 0
789 0
796 0
797 0
798 0
799 0
800 0
802 0
804 0
805 0
807 0
808 0
809 1
811 0
812 0
813 0
814 0
815 0
816 0
818 0
819 0
820 0
821 0
822 0
823 1
824 0
826 0
827 0
828 1
832 0
833 0
834 0
836 0
837 0
838 1
841 1
843 0
844 0
845 1
849 0
850 0
852 0
853 0
854 0
857 0
860 0
862 0
863 0
867 0
869 0
870 0
871 0
873 0
875 0
877 1
878 0
879 0
880 0
881 0
882 0
884 0
885 0
886 0
887 1
888 0
889 0
890 1
892 0
893 0
894 0
901 0
903 1
906 0
907 0
908 0
909 0
910 0
911 0
914 0
918 0
919 0
920 0
921 0
922 0
924 0
925 0
930 0
931 1
933 0
935 0
936 0
937 1
938 0
940 0
942 0
943 0
944 0
948 0
952 0
953 0
955 0
956 0
959 1
960 0
961 0
962 0
963 0
964 0
966 0
967 0
968 0
971 0
972 0
974 0
976 0
979 0
981 0
982 0
983 1
984 0
985 0
987 0
988 0
989 0
990 0
993 0
994 0
995 0
997 1
998 0
999 0
1000 0
1003 1
1005 0
1006 0
1011 0
1012 0
1015 0
1016 1
1018 0
1025 0
1026 1
1028 0
1029 0
1032 0
1035 0
1036 0
1038 0
1039 0
1040 0
1041 0
1046 0
1047 0
1048 0
1051 0
1054 0
1058 0
1060 1
1063 0
1067 0
1068 1
1069 0
1071 0
1072 0
1074 0
1077 0
1079 0
1080 0
1081 0
1083 0
1084 0
1085 0
1086 0
1087 0
1092 0
1094 0
1097 0
1099 0
1100 0
1101 0
1102 0
1103 0
1105 0
1108 0
1110 0
1111 0
1113 0
1114 0
1117 0
1118 0
1121 0
1123 0
1124 0
1127 0
1129 0
1131 0
1134 0
1137 0
1140 0
1142 0
1145 0
1150 0
1152 0
1153 0
1154 0
1155 0
1156 0
1159 0
1164 0
1166 0
1168 0
1169 0
1171 0
1173 0
1174 0
1180 0
1181 1
1182 0
1187 0
1188 0
1189 0
1192 0
1196 0
1199 0
1201 0
1202 0
1203 0
1204 0
1207 1
1208 0
1209 0
1212 0
1214 0
1216 0
1217 0
1218 0
1219 0
1220 0
1221 0
1222 0
1224 0
1226 0
1229 0
1230 0
1231 0
1233 0
1236 0
1237 0
1241 0
1244 0
1245 0
1247 0
1252 0
1260 0
1262 0
1263 0
1264 0
1270 0
1271 0
1273 0
1275 0
1276 0
1277 0
1278 0
1281 0
1282 0
1283 0
1284 0
1285 0
1286 0
1287 0
1289 0
1290 0
1292 0
1293 0
1295 0
1296 0
1300 0
1303 0
1305 0
1309 0
1310 0
1311 0
1312 0
1314 0
1316 0
1317 1
1318 0
1321 0
1326 0
1328 0
1331 0
1333 0
1337 0
1339 0
1341 0
1343 0
1344 0
1348 0
1350 0
1352 0
1353 0
1357 0
1359 0
1360 0
1362 0
1366 0
1367 0
1373 0
1376 0
1379 0
1380 0
1382 0
1384 0
1385 0
1386 0
1388 0
1390 0
1391 0
1392 0
1393 0
1394 0
1395 0
1396 0
1400 0
1402 0
1404 0
1405 0
1408 0
1410 0
1413 0
1415 0
1416 0
1418 0
1419 1
1420 0
1421 0
1422 0
1423 0
1424 0
1425 0
1429 0
1431 0
1434 0
1436 0
1438 0
1440 0
1441 0
1442 0
1444 0
1445 0
1448 0
1450 1
1456 0
1457 0
1459 0
1460 0
1463 0
1465 0
1467 0
1468 0
1469 0
1471 0
1472 0
1479 0
1482 1
1486 0
1488 0
1490 0
1491 0
1492 0
1493 0
1495 0
1497 0
1501 0
1504 0
1507 0
1511 0
1513 0
1514 0
1516 0
1517 0
1518 0
1519 0
1521 0
1523 0
1524 0
1527 0
1529 0
1531 0
1532 0
1534 0
1536 1
1537 0
1540 0
1542 0
1545 0
1546 0
1547 0
1550 0
1552 0
1557 0
1558 0
1559 0
1560 0
1561 0
1564 0
1567 0
1568 0
1570 0
1573 0
1579 0
1580 0
1581 0
1582 0
1583 0
1584 0
1587 0
1589 0
1591 0
1595 0
1596 0
1597 0
1600 0
1602 0
1603 0
1604 0
1606 0
1607 0
1608 0
1609 0
1610 0
1611 0
1613 0
1615 0
1616 1
1619 0
1621 0
1622 1
1625 0
1629 0
1630 1
1632 0
1633 1
1634 0
1635 0
1638 0
1640 0
1646 0
1647 0
1648 0
1649 0
1653 0
1655 0
1656 1
1659 0
1663 0
1665 0
1666 0
1667 0
1669 0
1670 0
1671 0
1672 0
1675 1
1677 0
1679 0
1681 0
1683 0
1684 0
1685 0
1686 0
1687 0
1689 0
1690 0
1691 0
1692 0
1694 0
1695 0
1698 0
1700 0
1703 0
1706 0
1708 0
1709 0
1710 0
1713 0
1714 1
1715 0
1717 0
1718 1
1719 0
1720 0
1722 0
1724 0
1725 0
1726 0
1728 0
1729 0
1730 0
1732 0
1733 0
1738 0
1739 0
1742 0
1743 0
1746 0
1750 0
1751 0
1752 0
1753 0
1757 1
1760 0
1762 0
1767 0
1769 0
1771 0
1772 0
1775 0
1776 0
1778 0
1780 0
1781 0
1782 0
1783 0
1785 0
1786 1
1787 0
1788 0
1796 0
1797 0
1798 0
1801 0
1803 0
1804 0
1805 1
1809 1
1811 0
1814 0
1816 0
1817 0
1818 0
1819 0
1820 0
1821 0
1827 0
1828 0
1832 0
1835 1
1836 0
1839 0
1842 0
1843 0
1844 0
1846 0
1847 0
1848 0
1850 0
1852 0
1854 0
1856 0
1857 0
1859 0
1860 0
1861 1
1863 0
1864 0
1865 0
1866 0
1867 0
1869 0
1870 0
1871 0
1872 0
1873 0
1874 0
1877 0
1878 0
1883 0
1884 0
1886 0
1887 0
1888 0
1889 0
1890 0
1891 0
1892 0
1893 0
1895 0
1903 0
1907 0
1908 0
1911 0
1912 0
1915 0
1916 0
1917 1
1920 0
1921 0
1922 0
1924 0
1927 0
1930 0
1932 0
1933 0
1934 0
1935 0
1938 0
1940 0
1941 0
1948 0
1950 0
1951 0
1952 0
1953 0
1954 0
1955 0
1956 0
1958 0
1959 1
1961 0
1963 0
1964 0
1966 0
1967 0
1969 0
1970 0
1971 1
1972 0
1973 0
1976 0
1977 0
1978 0
1979 0
1982 0
1983 0
1986 0
1990 0
1992 1
1994 0
1995 0
1996 0
2000 0
2005 0
2008 0
2011 0
2012 1
2013 0
2015 0
2017 0
2018 0
2019 0
2020 0
2021 0
2022 0
2025 0
2026 0
2028 1
2029 0
2030 0
2031 0
2033 0
2038 0
2042 0
2045 0
2046 0
2047 0
2048 0
2054 0
2057 0
2059 1
2062 0
2065 0
2066 0
2067 0
2068 0
2070 0
2071 0
2075 0
2076 0
2083 0
2084 0
2087 0
2088 0
2091 1
2092 0
2093 0
2097 0
2103 0
2106 0
2107 0
2108 0
2109 0
2112 0
2113 0
2114 0
2118 0
2119 0
2121 0
2125 0
2128 1
2130 0
2132 0
2133 0
2134 0
2135 0
2137 0
2141 0
2144 0
2145 0
2147 0
2149 0
2153 0
2155 0
2156 0
2157 0
2160 0
2161 0
2164 0
2165 0
2169 0
2170 0
2172 0
2174 0
2177 0
2179 0
2184 0
2185 0
2186 0
2187 0
2189 1
2190 0
2193 0
2194 0
2195 0
2197 0
2198 0
2200 0
2204 0
2207 0
2208 1
2212 1
2213 0
2217 0
2218 0
2219 0
2220 0
2223 0
2224 0
2226 0
2227 0
2228 0
2229 0
2233 0
2235 0
2236 0
2237 0
2238 0
2239 0
2243 0
2244 0
2245 0
2247 0
2250 0
2252 0
2253 0
2259 0
2260 0
2262 0
2264 0
2266 0
2267 0
2275 0
2276 0
2280 0
2286 0
2287 0
2288 0
2290 0
2292 0
2294 0
2296 0
2298 0
2302 0
2303 0
2304 0
2308 0
2315 0
2317 0
2320 0
2322 0
2326 0
2327 0
2328 0
2329 0
2330 0
2331 0
2333 0
2335 0
2336 0
2338 0
2339 0
2340 0
2342 0
2343 0
2345 0
2346 0
2349 0
2351 0
2352 0
2354 0
2355 0
2357 0
2358 0
2360 0
2362 0
2363 0
2364 0
2367 0
2368 0
2369 0
2370 0
2373 1
2374 0
2377 0
2380 0
2381 0
2382 0
2383 0
2391 0
2392 0
2393 0
2395 0
2397 0
2398 0
2399 0
2481 1
2498 1
2524 1
2591 1
2641 1
2663 1
2716 1
2728 1
2738 1
2797 1
2811 1
2832 1
2874 1
2892 1
2926 1
3023 1
3031 1
3088 1
3115 1
3194 1
3196 1
3267 1
3283 1
3352 1
3369 1
3410 1
3413 1
3415 1
3418 1
3479 1
3483 1
3556 1
3563 1
3612 1
3645 1
3723 1
4027 1
4036 1
4050 1
4086 1
4136 1
4165 1
4221 1
4238 1
4289 1
4311 1
4317 1
4356 1
4382 1
4432 1
4438 1
4467 1
4480 1
4485 1
4508 1
4673 1
4694 1
4735 1
4781 1
4819 1
4847 1
4852 1
4908 1
4938 1
4991 1
5053 1
5155 1
5175 1
5181 1
5213 1
5216 1
5254 1
5299 1
5349 1
5414 1
5537 1
5575 1
5584 1
5616 1
5622 1
5630 1
5655 1
5659 1
5866 1
5927 1
5935 1
5964 1
6007 1
6021 1
6044 1
6067 1
6107 1
6274 1
6314 1
6338 1
6340 1
6390 1
6397 1
6405 1
6422 1
6462 1
6469 1
6497 1
6514 1
6563 1
6600 1
6653 1
6695 1
6707 1
6783 1
6810 1
6844 1
6845 1
6895 1
6899 1
6910 1
6911 1
6963 1
6982 1
7048 1
7063 1
7092 1
7125 1
7164 1
7209 1
7250 1
7253 1
7276 1
7337 1
7338 1
7353 1
7392 1
7412 1
7413 1
7431 1
7488 1
7563 1
7595 1
7626 1
7650 1
7660 1
7679 1
7857 1
7911 1
7917 1
7935 1
7943 1
7949 1
7957 1
7998 1
8042 1
8253 1
8272 1
8277 1
8287 1
8355 1
8430 1
8511 1
8515 1
8528 1
8538 1
8545 1
8564 1
8590 1
8622 1
8666 1
8667 1
8718 1
8733 1
8771 1
8816 1
8859 1
8891 1
9006 1
9024 1
9031 1
9083 1
9100 1
9196 1
9243 1
9315 1
9358 1
9409 1
9448 1
9536 1
9570 1
9579 1
9647 1
9702 1
9725 1
9781 1
9805 1
9880 1
9888 1
9893 1
9905 1
9956 1
9985 1
9996 1
10017 1
10038 1
10046 1
10053 1
10055 1
10078 1
10106 1
10249 1
10256 1
10300 1
10343 1
10344 1
10357 1
10363 1
10422 1
10429 1
10453 1
10469 1
10661 1
10774 1
10850 1
10854 1
10860 1
10916 1
10921 1
10946 1
10953 1
11034 1
11043 1
11056 1
11088 1
11090 1
11200 1
11208 1
11222 1
11254 1
11278 1
11350 1
11408 1
11428 1
11430 1
11432 1
11466 1
11578 1
11627 1
11631 1
11689 1
11715 1
11738 1
11824 1
11830 1
11854 1
11873 1
11973 1
11974 1
11977 1
12135 1
12178 1
12184 1
12197 1
12209 1
12280 1
12289 1
12319 1
12365 1
12376 1
12400 1
12424 1
12514 1
12619 1
12634 1
12676 1
12687 1
12701 1
12754 1
12787 1
12791 1
12842 1
12875 1
12904 1
12931 1
12949 1
13003 1
13016 1
13046 1
13070 1
13154 1
13189 1
13217 1
13256 1
13324 1
13361 1
13388 1
13424 1
13428 1
13489 1
13500 1
13538 1
13549 1
13642 1
13662 1
13713 1
13734 1
13747 1
13753 1
13850 1
13867 1
13899 1
14150 1
14160 1
14182 1
14210 1
14340 1
14357 1
14447 1
14481 1
14559 1
14745 1
14748 1
14790 1
14916 1
14918 1
14932 1
15086 1
15087 1
15108 1
15202 1
15207 1
15211 1
15213 1
15286 1
15351 1
15355 1
15360 1
15485 1
15590 1
15610 1
15616 1
15640 1
15726 1
15759 1
15772 1
15786 1
15788 1
15842 1
15891 1
15912 1
15927 1
15935 1
15977 1
16043 1
16065 1
16067 1
16091 1
16121 1
16219 1
16488 1
16583 1
16684 1
16742 1
16756 1
16798 1
16803 1
16805 1
16874 1
16885 1
17006 1
17050 1
17061 1
17066 1
17082 1
17121 1
17292 1
17399 1
17419 1
17516 1
17670 1
17672 1
17675 1
17729 1
17838 1
17849 1
17856 1
17874 1
17993 1
18061 1
18122 1
18142 1
18146 1
18165 1
18251 1
18254 1
18292 1
18295 1
18303 1
18345 1
18347 1
18425 1
18464 1
18473 1
18476 1
18485 1
18575 1
18585 1
18602 1
18603 1
18639 1
18669 1
18740 1
18763 1
18862 1
18864 1
18892 1
18933 1
19069 1
19155 1
19163 1
19224 1
19232 1
19271 1
19366 1
19379 1
19404 1
19461 1
19602 1
19637 1
19665 1
19673 1
19799 1
19827 1
19831 1
19884 1
19930 1
19994 1
20081 1
20106 1
20142 1
20240 1
20324 1
20426 1
20442 1
20444 1
20614 1
20658 1
20718 1
20746 1
20807 1
20813 1
20850 1
21010 1
21025 1
21053 1
21199 1
21224 1
21234 1
21238 1
21312 1
21324 1
21334 1
21340 1
21397 1
21468 1
21475 1
21598 1
21687 1
21794 1
21806 1
21808 1
21811 1
21812 1
21866 1
21889 1
21944 1
21990 1
21998 1
22028 1
22047 1
22062 1
22106 1
22126 1
22202 1
22209 1
22215 1
22252 1
22262 1
22387 1
22411 1
22435 1
22526 1
22560 1
22680 1
22683 1
22792 1
22821 1
22864 1
22944 1
23032 1
23259 1
23300 1
23323 1
23354 1
23366 1
23415 1
23422 1
23472 1
23553 1
23575 1
23650 1
23779 1
23943 1
23981 1
24103 1
24133 1
24363 1
24422 1
24502 1
24506 1
24625 1
24659 1
24675 1
24728 1
24792 1
24799 1
24873 1
24912 1
24930 1
24967 1
25060 1
25200 1
25259 1
25383 1
25444 1
25465 1
25607 1
25621 1
25844 1
25845 1
25912 1
25927 1
25987 1
26017 1
26175 1
26245 1
26246 1
26268 1
26312 1
26403 1
26411 1
26463 1
26628 1
26674 1
26757 1
26866 1
26887 1
27012 1
27033 1
27204 1
27206 1
27223 1
27260 1
27302 1
27450 1
27459 1
27492 1
27515 1
27522 1
27674 1
27718 1
27724 1
27769 1
27790 1
27793 1
27928 1
27961 1
27986 1
28029 1
28057 1
28062 1
28079 1
28189 1
28401 1
28458 1
28520 1
28534 1
28577 1
28619 1
28766 1
28878 1
28982 1
29113 1
29222 1
29298 1
29327 1
29329 1
29333 1
29372 1
29375 1
29385 1
29520 1
29579 1
29649 1
29717 1
29813 1
29851 1
30015 1
30037 1
30071 1
30130 1
30164 1
30198 1
30282 1
30437 1
30448 1
30530 1
30546 1
30633 1
30639 1
30701 1
30708 1
30929 1
30981 1
30989 1
30998 1
31090 1
31307 1
31322 1
31354 1
31406 1
31493 1
31510 1
31610 1
31761 1
31790 1
31796 1
31925 1
31928 1
31996 1
32017 1
32090 1
32111 1
32196 1
32256 1
32260 1
32491 1
32553 1
32668 1
32673 1
32756 1
32762 1
32793 1
32808 1
32834 1
32938 1
32997 1
33015 1
33090 1
33145 1
33176 1
33234 1
33306 1
33316 1
33524 1
33545 1
33618 1
33620 1
33711 1
33715 1
33765 1
33792 1
33796 1
33917 1
33929 1
33946 1
34039 1
34042 1
34077 1
34186 1
34189 1
34202 1
34239 1
34529 1
34535 1
34575 1
34607 1
34691 1
34712 1
34772 1
34805 1
34832 1
34853 1
34909 1
34939 1
34979 1
34985 1
35016 1
35075 1
35252 1
35278 1
35300 1
35358 1
35414 1
35444 1
35515 1
35651 1
35688 1
35743 1
35866 1
35903 1
35940 1
36061 1
36073 1
36107 1
36177 1
36265 1
36374 1
36417 1
36439 1
36485 1
36500 1
36682 1
36775 1
36852 1
36859 1
36963 1
37015 1
37051 1
37077 1
37239 1
37275 1
37328 1
37370 1
37373 1
37503 1
37579 1
37587 1
37646 1
37717 1
37791 1
37836 1
37869 1
37989 1
38016 1
38092 1
38142 1
38304 1
38340 1
38357 1
38524 1
38707 1
38722 1
38728 1
38788 1
38838 1
38945 1
39174 1
39224 1
39226 1
39284 1
39331 1
39387 1
39420 1
39665 1
39799 1
39812 1
39911 1
39992 1
40325 1
40407 1
40463 1
40466 1
40478 1
40496 1
40516 1
40518 1
40536 1
40726 1
40786 1
40803 1
40950 1
40977 1
41159 1
41194 1
41227 1
41313 1
41351 1
41395 1
41473 1
41477 1
41499 1
41573 1
41660 1
41711 1
41791 1
41819 1
41878 1
41881 1
41911 1
41913 1
41985 1
42083 1
42085 1
42154 1
42202 1
42297 1
42398 1
42417 1
42437 1
42528 1
42544 1
42552 1
42591 1
42600 1
42723 1
42735 1
42803 1
42947 1
43047 1
43102 1
43145 1
43150 1
43219 1
43408 1
43592 1
43705 1
43788 1
43820 1
44055 1
44066 1
44171 1
44224 1
44247 1
44255 1
44310 1
44338 1
44389 1
44411 1
44469 1
44484 1
44545 1
44929 1
44933 1
44959 1
45007 1
45106 1
45112 1
45119 1
45197 1
45216 1
45295 1
45346 1
45412 1
45667 1
45838 1
45903 1
45956 1
45982 1
46117 1
46127 1
46281 1
46285 1
46313 1
46482 1
46536 1
46747 1
46794 1
46862 1
46877 1
46916 1
46927 1
46936 1
46943 1
47110 1
47120 1
47245 1
47272 1
47319 1
47331 1
47402 1
47483 1
47496 1
47797 1
48019 1
48026 1
48075 1
48312 1
48391 1
48433 1
48457 1
48586 1
48633 1
48942 1
48984 1
49214 1
49220 1
49496 1
49498 1
49887 1
50015 1
50028 1
50047 1
50057 1
50116 1
50192 1
50274 1
50395 1
50399 1
50483 1
50615 1
50700 1
50727 1
50799 1
50863 1
50881 1
51003 1
51167 1
51201 1
51396 1
51425 1
51600 1
51799 1
51877 1
51988 1
52057 1
52084 1
52268 1
52416 1
52610 1
52759 1
52822 1
52858 1
52949 1
52956 1
53049 1
53077 1
53084 1
53218 1
53657 1
53703 1
53779 1
54103 1
54404 1
54466 1
54507 1
54535 1
54546 1
54630 1
54643 1
54692 1
54709 1
54885 1
54968 1
54986 1
55211 1
55314 1
55569 1
55716 1
55809 1
55886 1
55898 1
56034 1
56197 1
56222 1
56530 1
56573 1
56586 1
56622 1
56858 1
56921 1
57038 1
57113 1
57148 1
57360 1
57401 1
57631 1
57744 1
57846 1
57900 1
58032 1
58074 1
58104 1
58163 1
58455 1
58668 1
58785 1
58865 1
59194 1
59232 1
59239 1
59277 1
59543 1
59587 1
59652 1
59703 1
59717 1
59764 1
59825 1
59877 1
59939 1
59942 1
59966 1
60093 1
60119 1
60130 1
60370 1
60691 1
60707 1
60786 1
61238 1
61252 1
61526 1
61552 1
61995 1
62088 1
62296 1
62428 1
62619 1
62659 1
63033 1
63108 1
63236 1
63390 1
63455 1
63748 1
63922 1
63937 1
64031 1
64131 1
64258 1
64277 1
64428 1
64443 1
64470 1
65132 1
65270 1
65559 1
65569 1
65686 1
65927 1
65995 1
66017 1
66291 1
66452 1
66464 1
66922 1
66963 1
66967 1
67095 1
67405 1
67414 1
67522 1
67592 1
67612 1
67804 1
67851 1
68233 1
68305 1
68762 1
69447 1
69470 1
69573 1
69621 1
69783 1
70360 1
70459 1
70513 1
70712 1
70858 1
71378 1
71475 1
71576 1
71582 1
71688 1
71967 1
72027 1
72160 1
72413 1
72625 1
72804 1
73419 1
73741 1
73766 1
73770 1
73862 1
73985 1
73987 1
74682 1
74764 1
74833 1
74911 1
74966 1
75011 1
75362 1
75478 1
75793 1
76867 1
76968 1
77183 1
77700 1
78501 1
78678 1
78879 1
79060 1
79951 1
80861 1
80947 1
81202 1
81273 1
81740 1
82697 1
83111 1
83392 1
83421 1
83916 1
84054 1
84631 1
85056 1
85079 1
86606 1
87234 1
90002 1
